"m_cp"	"m_a_b"	"sd.ab"	"m_c_cp"	"sd.ccp"	"diff"	"abs.bias.ab"	"abs.bias.c_cp"	"prop.bias.ab"	"prop.bias.ccp"	"mse_ab"	"mse_ccp"	"m_cens"	"N"	"shapeT"	"hazard"
"nc_1.5_250_COX"	0.90612819678666	0.553426219727422	0.246324769770469	0.000824149159730546	0.0719602613425857	0.552602070567692	0.193426219727422	0.359175850840269	53.7295054798396	-99.7710696778526	0.0980895946805155	0.134185571039325	0	250	1.5	"Increasing"
"nonrare_1.5_250_COX"	0.850134691238863	0.456678780561124	0.255743432846102	0.0235957806137215	0.0791507730707529	0.433082999947403	0.0966787805611242	0.336404219386279	26.8552168225345	-93.4456164961885	0.0747514900546948	0.119432643698589	40	250	1.5	"Increasing"
"rare_1.5_250_COX"	0.697621078016317	0.398091342455521	0.443103429114451	0.0753231237422931	0.094739968115044	0.322768218713228	0.038091342455521	0.284676876257707	10.580928459867	-79.0769100715852	0.197791599263049	0.0900165854342853	90	250	1.5	"Increasing"
"nc_1_250_COX"	0.604286389167344	0.367713138117323	0.173592137640663	0.0392544264958254	0.0506567869346542	0.328458711621498	0.0077131381173231	0.320745573504175	2.14253836592308	-89.0959926400485	0.0301937227502717	0.105443832985065	0	250	1	"Constant"
"nonrare_1_250_COX"	0.571257050326082	0.301052496066499	0.193563471314944	0.050407290292198	0.0529940155197426	0.250645205774301	0.0589475039335007	0.309592709707802	-16.3743066481946	-85.9979749188339	0.0409416256474813	0.098656011585126	40	250	1	"Constant"
"rare_1_250_COX"	0.52550694634804	0.297127636185855	0.361542066324051	0.0610932446359861	0.0760706963171175	0.236034391549868	0.0628723638141454	0.298906755364014	-17.4645455039293	-83.0296542677816	0.134665599853443	0.0951319992404135	90	250	1	"Constant"
"nc_23_250_COX"	0.401699944783106	0.244726111341192	0.130421445327522	0.0413768267575044	0.037014972960081	0.203349284583688	0.115273888658808	0.318623173242496	-32.0205246274466	-88.5064370118043	0.030297822807843	0.102890834750353	0	250	0.666666666666667	"Decreasing"
"nonrare_23_250_COX"	0.373469448791798	0.208390050723758	0.144090197103169	0.04537239339681	0.0385744684750567	0.163017657326948	0.151609949276242	0.31462760660319	-42.1138747989561	-87.396557389775	0.0437475616207747	0.100478520454985	40	250	0.666666666666667	"Decreasing"
"rare_23_250_COX"	0.375831818108921	0.193545846959514	0.323048047044427	0.0444211942272861	0.0753745318459876	0.149124652732228	0.166454153040486	0.315578805772714	-46.2372647334683	-87.6607793813094	0.132067025763644	0.105271302703934	90	250	0.666666666666667	"Decreasing"
"nc_1.5_500_COX"	0.905880009440417	0.55168891154501	0.182212257862332	0.00293536493716845	0.0477820629034915	0.548753546607841	0.19168891154501	0.357064635062832	53.2469198736139	-99.1846208507865	0.0699459457245995	0.129778279147866	0	500	1.5	"Increasing"
"nonrare_1.5_500_COX"	0.857724678489328	0.451585586310913	0.175715882688505	0.0235966740336415	0.0543234617581771	0.427988912277271	0.0915855863109129	0.336403325966358	25.4404406419203	-93.4453683239885	0.0392639910489142	0.11611823621862	40	500	1.5	"Increasing"
"rare_1.5_500_COX"	0.692643463838106	0.377799902401095	0.294708104959844	0.0782029661586659	0.0629913726582445	0.299596936242429	0.0177999024010951	0.281797033841334	4.94441733363752	-78.276953844815	0.0871697036545107	0.0833774813111438	90	500	1.5	"Increasing"
"nc_1_500_COX"	0.604114788820273	0.369418601302888	0.130301471204436	0.0416044026078628	0.033910963151585	0.327814198695025	0.00941860130288774	0.318395597392137	2.61627813969104	-88.4432214978159	0.0170671834485432	0.102525709860564	0	500	1	"Constant"
"nonrare_1_500_COX"	0.556502543973482	0.293828065192683	0.124717718137363	0.04843628370932	0.0346643682962777	0.245391781483363	0.0661719348073165	0.31156371629068	-18.3810930020324	-86.5454767474111	0.0199332341735345	0.0982735677382393	40	500	1	"Constant"
"rare_1_500_COX"	0.497215557788052	0.292722307611348	0.237614675790105	0.0653281837069774	0.0542586858664822	0.22739412390437	0.0672776923886524	0.294671816293023	-18.6882478857368	-81.8532823036174	0.060987022043979	0.0897754843093864	90	500	1	"Constant"
"nc_23_500_COX"	0.402635815933356	0.24798536779003	0.0987079755405058	0.0436754843879999	0.0251539876869967	0.20430988340203	0.11201463220997	0.316324515612	-31.1151756138805	-87.8679210033334	0.0222905422644399	0.100693922273724	0	500	0.666666666666667	"Decreasing"
"nonrare_23_500_COX"	0.366157360745765	0.195824527455305	0.0974204352276347	0.043165580324722	0.0254703017345293	0.152658947130583	0.164175472544695	0.316834419675278	-45.604297929082	-88.0095610209105	0.0364443269852158	0.101032785761418	40	500	0.666666666666667	"Decreasing"
"rare_23_500_COX"	0.330600367851904	0.200297598405459	0.212031465832802	0.0459249056059356	0.0480426551098413	0.154372692799523	0.159702401594541	0.314075094394064	-44.3617782207059	-87.243081776129	0.0704621995782706	0.100951261628644	90	500	0.666666666666667	"Decreasing"
"nc_1.5_1000_COX"	0.899573587931246	0.539318006417441	0.133102202900357	0.00170616759895094	0.0353426138396187	0.53761183881849	0.179318006417441	0.358293832401049	49.8105573381781	-99.526064555847	0.0498711438424531	0.129623570689647	0	1000	1.5	"Increasing"
"nonrare_1.5_1000_COX"	0.846300489107959	0.447297076796836	0.126550119524537	0.025574222768855	0.038444589662446	0.421722854027981	0.087297076796836	0.334425777231145	24.2491879991211	-92.8960492308736	0.0236357123689472	0.113318586950969	40	1000	1.5	"Increasing"
"rare_1.5_1000_COX"	0.681853062799552	0.369958545951791	0.246611192012525	0.0784826507092485	0.0551563262294931	0.291475895242543	0.00995854595179113	0.281517349290752	2.76626276438643	-78.1992636918754	0.0609162526633123	0.0822942382748253	90	1000	1.5	"Increasing"
"nc_1_1000_COX"	0.598446376377809	0.360249815571918	0.093711102081553	0.0402708917010012	0.0248049983105878	0.319978923870917	0.000249815571918277	0.319729108298999	0.0693932144217436	-88.8136411941663	0.00878183306115922	0.102841990634861	0	1000	1	"Constant"
"nonrare_1_1000_COX"	0.559365526159908	0.278520143354406	0.0849413207098993	0.0475358677902188	0.0233324650399727	0.230984275564187	0.0814798566455944	0.312464132209781	-22.6332935126651	-86.7955922804948	0.0138539950029286	0.0981782378424532	40	1000	1	"Constant"
"rare_1_1000_COX"	0.485891332623852	0.26089212405824	0.184916168004558	0.0602412285362033	0.0429555397264502	0.200650895522037	0.0991078759417601	0.299758771463797	-27.5299655393778	-83.2663254066102	0.0440163602631772	0.0917004994626753	90	1000	1	"Constant"
"nc_23_1000_COX"	0.397710492777213	0.240729791602432	0.0692025542356938	0.0424405329669984	0.0179996421033588	0.198289258635433	0.119270208397568	0.317559467033002	-33.130613443769	-88.2109630647227	0.0190143761239435	0.101168002218133	0	1000	0.666666666666667	"Decreasing"
"nonrare_23_1000_COX"	0.366132355440419	0.196012037165631	0.0683290604139521	0.0436606108193728	0.0178528853230053	0.152351426346258	0.163987962834369	0.316339389180627	-45.5522118984359	-87.8720525501742	0.03156091245162	0.100389334661529	40	1000	0.666666666666667	"Decreasing"
"rare_23_1000_COX"	0.35756020349556	0.215108956977164	0.150608856546188	0.0507369476049695	0.0350326444276511	0.164372009372195	0.144891043022836	0.30926305239503	-40.2475119507877	-85.906403443064	0.0436764420183954	0.0968709217522856	90	1000	0.666666666666667	"Decreasing"
