"m_cp"	"m_a_b"	"sd.ab"	"m_c_cp"	"sd.ccp"	"diff"	"abs.bias.ab"	"abs.bias.c_cp"	"prop.bias.ab"	"prop.bias.ccp"	"mse_ab"	"mse_ccp"	"m_cens"	"N"	"shapeT"	"hazard"
"nc_1.5_250_COX"	0.914615418343022	0.542519694294942	0.125513274635111	0.074723630546283	0.122576075925537	0.467796063748659	0.182519694294942	0.285276369453717	50.6999150819282	-79.2434359593658	0.0490670209151478	0.0964075013579966	0	250	1.5	"Increasing"
"nonrare_1.5_250_COX"	0.828659858799198	0.490510201994087	0.120105387291356	0.183467824512535	0.12352034512055	0.307042377481552	0.130510201994087	0.176532175487465	36.2528338872463	-49.0367154131847	0.0314582168809439	0.0464208846410369	40	250	1.5	"Increasing"
"rare_1.5_250_COX"	1.04141593652215	0.556197116072521	0.183877363307192	0.513155149546829	0.195807066641086	0.0430419665256926	0.196197116072521	0.153155149546829	54.4991989090337	42.5430970963413	0.0723041930919796	0.0617969071792983	90	250	1.5	"Increasing"
"nc_1_250_COX"	0.612127081911802	0.361616113878424	0.0892092793063591	0.165037489215434	0.0912176534938531	0.19657862466299	0.00161611387842386	0.194962510784566	0.448920521784407	-54.1562529957128	0.00796090733842802	0.0463310409203467	0	250	1	"Constant"
"nonrare_1_250_COX"	0.546302673658767	0.31734733924242	0.0819805146215439	0.218715619716883	0.0824715688403287	0.0986317195255373	0.0426526607575798	0.141284380283117	-11.84796132155	-39.2456611897548	0.00854005424731437	0.0267628357789695	40	250	1	"Constant"
"rare_1_250_COX"	0.623845869134577	0.365278952661656	0.149784842508233	0.348914291564824	0.152647356480764	0.0163646610968316	0.0052789526616559	0.0110857084351757	1.46637573934886	-3.07936345421547	0.02246336638642	0.023424108372075	90	250	1	"Constant"
"nc_23_250_COX"	0.410276949862705	0.241455966845432	0.0670962201447112	0.165741658745594	0.0686896069029204	0.075714308099838	0.118544033154568	0.194258341254406	-32.9288980984912	-53.9606503484462	0.0185545905542589	0.042454565243391	0	250	0.666666666666667	"Decreasing"
"nonrare_23_250_COX"	0.376370021567166	0.22079485352187	0.0693466457237449	0.185775725502174	0.0671344019483654	0.0350191280196964	0.13920514647813	0.174224274497826	-38.6680962439249	-48.3956318049517	0.0241870300791321	0.0348611257492585	40	250	0.666666666666667	"Decreasing"
"rare_23_250_COX"	0.423282630767298	0.245910584068528	0.138317926374	0.239334187738844	0.140134837409197	0.00657639632968418	0.114089415931472	0.120665812261156	-31.6915044254088	-33.5182811836544	0.0321482435839876	0.0341980109043465	90	250	0.666666666666667	"Decreasing"
"nc_1.5_500_COX"	0.905737076376211	0.545347922219809	0.0926471211118464	0.0778258270157831	0.0832392123439727	0.467522095204026	0.185347922219809	0.282174172984217	51.4855339499469	-78.381714717838	0.0429373413215134	0.0865510303709717	0	500	1.5	"Increasing"
"nonrare_1.5_500_COX"	0.811223951282407	0.479587524615938	0.0855889788597055	0.183207815863192	0.080892468685072	0.296379708752746	0.119587524615938	0.176792184136808	33.2187568377605	-49.1089400380023	0.0216266493460146	0.0377990678618285	40	500	1.5	"Increasing"
"rare_1.5_500_COX"	0.910449407110387	0.537852301161333	0.120744472992664	0.508556736518752	0.123642845240649	0.0292955646425807	0.177852301161333	0.148556736518752	49.4034169892591	41.2657601440978	0.0462106687866576	0.0373566571443051	90	500	1.5	"Increasing"
"nc_1_500_COX"	0.604058417150792	0.363553348543374	0.0657510460696147	0.167444214212593	0.0634281814502844	0.196109134330781	0.00355334854337375	0.192555785787407	0.987041262048263	-53.4877182742797	0.00433582634511929	0.0411008648422959	0	500	1	"Constant"
"nonrare_1_500_COX"	0.536066623847234	0.315266651386122	0.0632915995504547	0.217492815021577	0.061816978692217	0.0977738363645451	0.0447333486138778	0.142507184978423	-12.4259301705216	-39.585329160673	0.00600689905186585	0.0241296366251085	40	500	1	"Constant"
"rare_1_500_COX"	0.616062303983254	0.357525783444264	0.105915167351472	0.338406760283566	0.106795100354687	0.0191190231606986	0.00247421655573588	0.0215932397164345	-0.687282376593299	-5.99812214345401	0.0112241444226551	0.011871461461219	90	500	1	"Constant"
"nc_23_500_COX"	0.40365881442762	0.24248332520406	0.0492615431878491	0.167625467293569	0.0485802496627756	0.074857857910491	0.11751667479594	0.192374532706431	-32.6435207766499	-53.4373701962308	0.016236868492343	0.0393680014913152	0	500	0.666666666666667	"Decreasing"
"nonrare_23_500_COX"	0.357794948783218	0.215300376640776	0.047042914444719	0.184646763838151	0.0455016501862261	0.0306536128026253	0.144699623359224	0.175353236161849	-40.1943398220066	-48.7092322671803	0.0231510167997544	0.0328191576021029	40	500	0.666666666666667	"Decreasing"
"rare_23_500_COX"	0.403367422205866	0.235215866127024	0.0968257833262837	0.229581502480012	0.0961633901665082	0.00563436364701217	0.124784133872976	0.130418497519988	-34.6622594091599	-36.2273604222189	0.0249463123831772	0.0262563821036872	90	500	0.666666666666667	"Decreasing"
"nc_1.5_1000_COX"	0.907846319553076	0.544172964905674	0.0650798627092704	0.0769058996506147	0.0630601980717788	0.467267065255059	0.184172964905674	0.283094100349385	51.1591569182427	-78.6372500970515	0.038155069532404	0.0841188582334798	0	1000	1.5	"Increasing"
"nonrare_1.5_1000_COX"	0.805301798939099	0.478620212495339	0.0592129828379689	0.187088742430098	0.0576073194802037	0.291531470065241	0.118620212495339	0.172911257569902	32.9500590264831	-48.0309048805282	0.017576932149009	0.0332169062520991	40	1000	1.5	"Increasing"
"rare_1.5_1000_COX"	0.874479809530608	0.530145553485489	0.0817760243853291	0.499405861621383	0.0867758723966218	0.0307396918641061	0.170145553485489	0.139405861621383	47.2626537459692	38.7238504503842	0.0356368275351534	0.026964046284595	90	1000	1.5	"Increasing"
"nc_1_1000_COX"	0.60628062491052	0.362811630605461	0.0460438611689992	0.167408065405658	0.0473197502971146	0.195403565199803	0.00281163060546102	0.192591934594342	0.781008501516951	-53.4977596095395	0.00212794241801163	0.0393308120389727	0	1000	1	"Constant"
"nonrare_1_1000_COX"	0.534898398806434	0.320683696577128	0.0439393331262967	0.219418358758471	0.0429351624635039	0.101265337818658	0.0393163034228717	0.140581641241529	-10.9211953952421	-39.0504559004248	0.00347643671042298	0.0216066260299295	40	1000	1	"Constant"
"rare_1_1000_COX"	0.583104768139387	0.354664014579508	0.073580789590134	0.340887587380368	0.0731595868169964	0.0137764271991399	0.0053359854204923	0.0191124126196322	-1.48221817235897	-5.30900350545339	0.00544260533711528	0.00571760945937671	90	1000	1	"Constant"
"nc_23_1000_COX"	0.405136626758004	0.241820197696808	0.0342157025805506	0.167951072239411	0.0356132684920103	0.0738691254573968	0.118179802303192	0.192048927760589	-32.8277228619979	-53.3469243779414	0.0151371799755023	0.038151095546676	0	1000	0.666666666666667	"Decreasing"
"nonrare_23_1000_COX"	0.35658244627259	0.216543167063297	0.0346537523646886	0.186090188868593	0.0344627068884231	0.030452978194704	0.143456832936703	0.173909811131407	-39.8491202601953	-48.3082808698353	0.0217807454691823	0.031432300573839	40	1000	0.666666666666667	"Decreasing"
"rare_23_1000_COX"	0.412620542208687	0.237834046303144	0.0647255481529765	0.233338694783018	0.0643424311367573	0.00449535152012592	0.122165953696856	0.126661305216982	-33.9349871380155	-35.183695893606	0.0191139168263656	0.0201830346838577	90	1000	0.666666666666667	"Decreasing"
